1.081217268183161995e+00 -9.961809759920203788e-01 -1.073202678679029631e+00
9.688604070409347901e-01 -9.766384093058068094e-01 -9.877994346905265566e-01
9.725285682456211722e-01 -9.283550403811881013e-01 -9.649206159270793393e-01
9.448090628877460206e-01 -1.006142848069538687e+00 -9.525653882728414290e-01
1.041270351535525274e+00 -9.756767796737856324e-01 -9.589751382550982806e-01
8.824784046680551608e-01 -1.082123336453868490e+00 -8.092874802713243554e-01
1.084354982586541283e+00 -1.011508443201135421e+00 -8.722181661712239409e-01
9.586076273742079046e-01 -9.424192024722378713e-01 -7.858813252833454222e-01
1.012158920952311414e+00 -9.047912836848392981e-01 -8.731934326755982356e-01
9.832538130378983832e-01 -9.690868134532806266e-01 -8.790737130655423837e-01
1.068310495164733087e+00 -8.471822238400852356e-01 -8.007626110540106978e-01
8.916393405987048659e-01 -8.569875386775452908e-01 -8.170704552058727366e-01
9.779165056047282034e-01 -9.430326245887404868e-01 -6.510767018833243380e-01
9.741666494570134782e-01 -1.055675150058689393e+00 -7.401292325405441908e-01
1.049322259586293660e+00 -1.018878318790299220e+00 -6.767270432494695287e-01
9.368275865561626059e-01 -9.638929413313707117e-01 -7.276649136061750234e-01
9.823046918529929616e-01 -8.642079446037915780e-01 -7.149910652880070439e-01
9.460445038290429265e-01 -8.994863856108116229e-01 -6.826064458802068025e-01
9.909587258294786372e-01 -1.014712390811140619e+00 -6.457851369211993209e-01
1.016790774041430367e+00 -9.164382914435081906e-01 -6.037382827452590917e-01
9.313046168270960878e-01 -8.193319312718442271e-01 -6.351077007555842036e-01
1.042133301587873540e+00 -9.137402343651326309e-01 -6.459599537008658965e-01
1.028406732954246783e+00 -9.274984808637832812e-01 -6.483628288243278304e-01
1.006743276542189092e+00 -7.822687948740941755e-01 -5.819880931352867659e-01
1.024806929241827369e+00 -8.773295231600826138e-01 -5.328238637021621704e-01
9.435706413972476669e-01 -8.989578549393040241e-01 -5.220245211845129241e-01
9.694460769504911202e-01 -8.524916420585860743e-01 -5.293938774526969482e-01
9.264698491761844679e-01 -8.641417636812955827e-01 -5.422215649617805333e-01
9.573595688514360269e-01 -8.814571139117546306e-01 -4.887177368306553360e-01
9.945892770496164159e-01 -7.945771835724018128e-01 -4.514361310567505114e-01
9.306220607262187805e-01 -7.942149098607756974e-01 -4.659658828258512742e-01
9.423114959395696433e-01 -8.029569220929447804e-01 -4.427327005603888810e-01
9.245397426446245737e-01 -8.451443608786768369e-01 -4.402292162825223176e-01
9.131873260262470815e-01 -7.776549811800258505e-01 -3.714079115968713096e-01
9.182296974713181070e-01 -8.324851289579338065e-01 -4.236970133669333283e-01
9.472937273105652700e-01 -8.016678366385578958e-01 -3.772388439516721759e-01
8.879825983080420482e-01 -7.683156566030250323e-01 -3.516465984993945026e-01
9.512721725960490149e-01 -7.745577819867158764e-01 -3.200672470873218711e-01
1.018023054621969070e+00 -7.205122658396865276e-01 -2.666467617057763362e-01
9.673914387151343330e-01 -7.824357991979914440e-01 -2.928874345397892709e-01
9.157251772704655401e-01 -8.842029992934119509e-01 -2.820393382270373617e-01
8.757316574988409652e-01 -8.530085052491137576e-01 -3.709717294510656016e-01
8.773170336510475176e-01 -7.224946590659137025e-01 -2.527188027848081830e-01
9.936227586330115269e-01 -8.015641584966314293e-01 -1.540507443821411693e-01
9.056265629574081766e-01 -7.606730427433454622e-01 -2.960525492783837587e-01
8.650817198500736493e-01 -8.175727828265413333e-01 -2.914603674702859193e-01
9.000801846277166618e-01 -7.199559288159849135e-01 -2.372656921113012185e-01
9.889063462048661712e-01 -7.842416124416395906e-01 -1.616347186950549686e-01
8.830159661525628367e-01 -6.870945880695240593e-01 -1.727384753851588517e-01
9.007371235950903943e-01 -7.816117010449088465e-01 -2.092250853234665919e-01
8.775085159977914495e-01 -6.940933301641152298e-01 -1.736745090863595631e-01
8.372644757850435937e-01 -7.112801947589565410e-01 -1.066416759113045787e-01
7.898821086273744019e-01 -7.761195952707075074e-01 -1.115930125939260664e-01
8.214264532602800761e-01 -6.800501833626410031e-01 -1.062152652385107976e-02
8.200896987256043325e-01 -7.750817245237998643e-01 -6.873266598443911191e-02
8.512626617376511939e-01 -7.661233594452125928e-01 -8.839976419986857181e-02
8.550353459123318789e-01 -6.839144353943653609e-01 -6.251168620862757042e-02
8.505551326468018258e-01 -7.462671000732993276e-01 -9.797508454577759374e-02
8.089543146013022934e-01 -7.396921533627254242e-01 -1.167996500766481927e-01
8.293701639166195516e-01 -7.221950354605196631e-01 -4.680476839162060754e-02
7.375970578387132104e-01 -7.500084594936257121e-01 -1.847194780951798287e-02
8.279326384479321899e-01 -6.427502795163051452e-01 -1.004665262532665193e-01
7.806794367873757245e-01 -6.595742650757574488e-01 -4.462682325678464512e-02
7.296467459500586283e-01 -6.884664348345241880e-01 -2.488192009144848948e-02
7.582740230666806802e-01 -6.854196033586769099e-01 1.885012012571438481e-02
7.191483716054576369e-01 -6.524922243616411155e-01 4.429822056730856050e-03
7.683734733857302546e-01 -5.817332449740463263e-01 5.149183551722878033e-02
7.764384489222931895e-01 -6.214515098733879306e-01 4.582598731109945728e-02
7.981771479772624689e-01 -6.854228567137699013e-01 1.055203754578404873e-01
6.073243555079615996e-01 -6.161290397375568384e-01 -2.156975798122473531e-02
5.929994080410043722e-01 -6.559385586051543759e-01 1.582312319021464964e-01
6.278482105653846457e-01 -6.549499091901862524e-01 1.575475756499679636e-01
6.487558263051284024e-01 -5.466764312423937344e-01 1.003718543073567060e-01
6.720667669449490456e-01 -6.559468948839061175e-01 1.414682857126172699e-01
6.313723355885036970e-01 -6.539592457563703221e-01 1.502804200206647178e-01
5.016469735647641759e-01 -7.226052643622615790e-01 9.399489361200340232e-02
5.744539311471880128e-01 -6.901164572726568025e-01 1.499052532924603498e-01
6.180172917274577848e-01 -5.924438530632700761e-01 1.913003339549783632e-01
5.748319336928260359e-01 -6.447460450592619186e-01 1.785098379303744487e-01
5.879976751114941447e-01 -5.792293099108378751e-01 2.261209133924375614e-01
5.252191685572239477e-01 -6.557435526182968655e-01 1.887498055034581013e-01
5.126121099091391908e-01 -6.333654913165867040e-01 1.983926744311510781e-01
5.181761080431130928e-01 -5.562714646521997874e-01 1.662308126987720458e-01
5.154400070855240656e-01 -5.119553809768460084e-01 1.965714725146682218e-01
4.908410882368531847e-01 -5.503763599287990749e-01 2.019021159480964556e-01
4.727725822122367805e-01 -5.151084579139374453e-01 3.201648008877721607e-01
4.191006731550703246e-01 -4.847702914313797296e-01 2.568322776073679869e-01
4.572475565064799130e-01 -5.129955423422951633e-01 2.046665499320911574e-01
4.301284293549753612e-01 -6.059220019150013403e-01 2.843139194080718246e-01
4.661205714691832869e-01 -5.602672356253770580e-01 2.644459401684479127e-01
4.551509923075597319e-01 -5.184902164657545498e-01 1.309367809786846637e-01
3.899801526859658085e-01 -5.657423450644116780e-01 3.171139935576909874e-01
3.474427186449507987e-01 -5.174026981339389097e-01 2.249010608411581291e-01
3.197314520462514187e-01 -6.139578142697231788e-01 3.407928460128122339e-01
3.582891120789231110e-01 -5.714313989428203566e-01 2.730598200484744553e-01
3.264223429294969558e-01 -4.985560127207412373e-01 2.573806519803424342e-01
2.908072862907375433e-01 -6.318543255556235971e-01 3.641090825491188343e-01
2.956373368372665622e-01 -5.703856251142276346e-01 2.736994367362657332e-01
2.479371136613875148e-01 -5.108859158955071367e-01 3.350140398261439167e-01
2.993498294270493520e-01 -5.909697237309761153e-01 3.764312447460580469e-01
2.276435717607000475e-01 -4.971439501958954121e-01 4.056116261564026715e-01
2.968271575168364707e-01 -5.349773745345880460e-01 4.209568518220326294e-01
2.414374262307459051e-01 -5.045797297750416188e-01 3.905369355723148916e-01
2.366714321662990450e-01 -4.979491426700266010e-01 3.592961076155655742e-01
1.380544376436565468e-01 -4.705353401220671028e-01 5.055987712985462457e-01
1.871637821408640989e-01 -5.031894367291150916e-01 3.875290589730701063e-01
2.017134281790962103e-01 -4.655156796338704717e-01 5.163564490743248747e-01
1.030969974906404130e-01 -4.950578400324691652e-01 4.118291263357988230e-01
1.236821085503622963e-01 -4.321963244961307127e-01 5.007282846670904064e-01
1.249583955228990295e-01 -3.703095443355959304e-01 5.043019019475066811e-01
4.113903567517777915e-02 -4.401565110374853762e-01 4.065982876311552974e-01
1.121615935285270177e-01 -4.365065372326213389e-01 4.846431003503116064e-01
1.254706665738480886e-01 -4.982003985580600869e-01 5.125856014595429055e-01
2.710483576796632321e-02 -4.003316887169807159e-01 5.177362310761622899e-01
7.469351146368347072e-02 -4.679033664278115512e-01 4.805461274858052745e-01
-2.118632048373582377e-02 -4.654423598236063775e-01 5.133323772703073384e-01
2.993912230618290399e-02 -3.921280273570983965e-01 4.861775159502220167e-01
-6.127604246027604229e-02 -4.059480627821064891e-01 4.549359560389437673e-01
6.342284691808425245e-02 -3.546412274525468922e-01 5.702796118470120357e-01
1.584501354120227551e-02 -3.328561535751845546e-01 5.005858039040721463e-01
-1.756642348153085453e-02 -4.269840781101246208e-01 6.049879095803109008e-01
-6.660519705435086202e-02 -3.885811504922028203e-01 5.734926700619805695e-01
2.456059958333188520e-02 -3.019792408212338963e-01 5.060486663243557448e-01
4.818652786564120438e-02 -3.366730374885471555e-01 5.498734590229380492e-01
-1.538632250009442648e-01 -3.443475474848365359e-01 5.508087542302412265e-01
-9.698832833323234315e-03 -3.096896967432275494e-01 5.287212425174019348e-01
-4.080505689781077638e-04 -4.002301484582188040e-01 6.044184794946665384e-01
-7.490773606041407906e-02 -3.331708295292684641e-01 5.624421713069407414e-01
-1.615173744494960706e-01 -2.895373305317995860e-01 6.749285756815399662e-01
-6.785423783550606491e-02 -2.739543857189126186e-01 6.433056870509215042e-01
-1.292511134163917552e-01 -3.903092408691111737e-01 5.631155467729210828e-01
-1.592952036720314823e-01 -3.575837103815712181e-01 6.129863489226341500e-01
-1.992012844339526301e-01 -3.208642413137817728e-01 6.093579903915208318e-01
-1.184707333023723996e-01 -3.494498671504907561e-01 5.491792323094402128e-01
-1.143516607171917443e-01 -3.495908119904023725e-01 6.806257839384060038e-01
-1.928534937405000094e-01 -2.907999335909022820e-01 6.881623157605665231e-01
-1.430192988861373748e-01 -3.376704991433506775e-01 6.935070607351193628e-01
-2.333184571863515244e-01 -4.043956445599857230e-01 6.308947321203230985e-01
-1.427398941729082771e-01 -2.919076342080215158e-01 7.136582985809459823e-01
-1.869108657650604688e-01 -3.262246395285463008e-01 6.561397282288723432e-01
-2.046454434839136138e-01 -3.365765490865165743e-01 7.197573889795537694e-01
-2.061503993295401571e-01 -3.732869075327953090e-01 7.699540157558770748e-01
-1.630306404882959082e-01 -2.393088766514147592e-01 6.926164940652376201e-01
-1.740294465883738262e-01 -3.963556315925007567e-01 6.208934361427755899e-01
-1.898129090009710862e-01 -3.649666802361148377e-01 6.822029401735827392e-01
-2.137964416786719557e-01 -2.887923031280572039e-01 7.362524183191753169e-01
-2.208433539987079697e-01 -2.085522207174651532e-01 7.713107189515310269e-01
-1.975245762809977601e-01 -1.995147047158673526e-01 6.597007732303211691e-01
-2.201832905695445819e-01 -3.177491317464682385e-01 7.128965851169273282e-01
-2.006993977664952300e-01 -2.638816097991775744e-01 7.400855813130060579e-01
-2.530058386759029831e-01 -3.255228187543784402e-01 7.561249162131420398e-01
-3.615688563150764034e-01 -1.944396468112545850e-01 7.858150551501541514e-01
-1.898667884355108026e-01 -3.138281330260089819e-01 6.987540171773101161e-01
-1.340946070322110995e-01 -2.421597872503618576e-01 7.308482101387231422e-01
-2.226661882159141903e-01 -1.783508110525124368e-01 8.082313238800289401e-01
-2.506892638427162812e-01 -2.361207014264954107e-01 7.832261205562154327e-01
-2.531084124134082014e-01 -1.464919828087129505e-01 7.917710325390844295e-01
-2.525027379703647101e-01 -2.585004111595425869e-01 8.313277999332127077e-01
-2.456044779235891096e-01 -1.915404765226562667e-01 7.859416694854545193e-01
-3.021640421404273025e-01 -1.623358907088132963e-01 8.127850461035918128e-01
-2.711716777845574189e-01 -2.069855865220535662e-01 7.762718069041356639e-01
-2.940905720687807534e-01 -1.256842867876840075e-01 7.303346239865813327e-01
-2.303929876970868817e-01 -1.625935207655903048e-01 7.383781057359457556e-01
-2.559334453237374629e-01 -2.668724796504170493e-01 8.123844026841317012e-01
-2.142875495409078124e-01 1.793013520189823407e-02 8.041899641001891696e-01
-2.454121152436353481e-01 -1.425678177954665671e-01 7.869104665737511883e-01
-1.846752446220968902e-01 -1.646328353088204466e-01 8.409877148209585762e-01
-2.203209130344109812e-01 -2.349406409333238410e-01 7.859942973945874822e-01
-1.181633912021178429e-01 -1.559116090597192084e-01 8.414708633191484433e-01
-3.189172184269231658e-01 -1.779971415420343872e-01 8.402999970839862831e-01
-2.525509327252296043e-01 -1.177823166984839076e-01 8.046255542693876439e-01
-1.709471591302715310e-01 -1.264164854394067561e-01 7.370410809731073876e-01
-8.513768749241684697e-02 -4.734952574653106261e-02 9.300823693236388578e-01
-2.192400597749108726e-01 -1.278874313736841073e-01 8.783714867851979413e-01
-1.996071385675040055e-01 -1.043247260005726318e-01 7.345967030368930617e-01
-2.078227464816445047e-01 -1.063771574244278817e-01 8.517254441183238489e-01
-1.243912761492269869e-01 -1.274244901529696661e-01 8.979613865624659352e-01
-1.995339527708965000e-01 -1.241700098660011853e-01 8.720720904649772454e-01
-1.451237049307016469e-01 -5.494998986657589901e-02 9.176855056301614910e-01
-1.888371960408264660e-01 -6.599864323306850467e-02 8.451789957375379636e-01
-2.299635134500416511e-01 -1.314720802026889679e-01 9.077583864609034547e-01
-1.439226273324675232e-01 -1.506718051486494736e-01 9.014684403632421406e-01
-1.274887978219326201e-01 -9.337050124734268264e-02 9.001179006519013370e-01
-8.082613059849824699e-02 -2.692800091628028136e-02 9.033344299105832143e-01
-1.436484535513803118e-01 -8.137646931339885537e-02 9.294759777596314221e-01
-1.614402531074820291e-01 1.232175446139867347e-02 9.712141956844045909e-01
-9.469573263857038181e-02 -1.087535143536716986e-01 9.031510099899975330e-01
-1.028825125785474831e-01 -5.791797311670968812e-02 9.143633737994035782e-01
-9.280411194927135066e-02 -1.858151930482873915e-01 9.478122495871256215e-01
-1.022520112609511811e-01 -8.478339404551445135e-02 9.388261262185625400e-01
-3.218816981279562506e-02 -6.545606593209304935e-02 9.691551146172162623e-01
-6.319769599298247220e-02 -1.945311127539546547e-02 9.908234117877172675e-01
2.222596926759257130e-02 4.553309193355674356e-02 1.024495445142543870e+00
-8.665137490937571685e-03 -3.325282053181302655e-02 9.591349175864167798e-01
-2.236190457070691417e-02 4.269587908044085445e-02 8.561081001669816892e-01
-1.276772565428821726e-01 8.084053823299103270e-03 9.715031480272435793e-01
-7.084006054509865702e-03 2.931760901060320029e-02 9.976855213441420123e-01
-6.993383813201338450e-03 -3.830774284129641327e-02 9.756488741733624348e-01
2.181042778138376353e-02 5.924956718243193365e-02 9.823371919116453688e-01
4.282387701192444385e-02 -5.864821393558225515e-02 8.733744493676443010e-01
-2.004390958944633414e-02 2.475793056001582976e-02 1.025399216830769067e+00
5.064850864595908664e-02 -4.260310503531283821e-02 9.887985085489996440e-01
-9.178115692160464939e-03 -1.590727761993773401e-02 9.344471696044898135e-01
1.262013977460062497e-01 -5.807018023610518997e-02 9.714322717202521495e-01
-2.859761325657109859e-02 -5.817395432301093738e-03 9.767665029267206256e-01
-4.047908850787008961e-02 4.255584482554818082e-02 1.055453079117085080e+00
-2.542166891548757607e-02 2.656147684606810153e-02 1.058108904826170260e+00
2.214019321081017733e-02 -3.238824706268327025e-02 1.110780394124112336e+00
2.025119622147010523e-02 1.135369928345684870e-01 1.072460240615646043e+00
1.835262769969507324e-01 6.186104691542285844e-02 9.775086557341161608e-01
7.888012340857508686e-02 1.004032716537882064e-01 9.796645361763903770e-01
3.751258660471548656e-02 9.426134598173435686e-02 1.111702642726456469e+00
1.697565146443930639e-01 2.675661165163938787e-02 1.138550310054807335e+00
9.404317024935444913e-02 -3.225234793060201277e-02 1.053387220092731891e+00
7.079111864245202224e-02 2.422878158841475227e-02 1.098283149409255532e+00
1.856140963043289294e-01 1.362577924636614868e-01 1.000177310811024345e+00
1.820942110594163665e-01 2.732269631498431689e-02 9.833159120834107370e-01
1.381895905773499189e-01 1.258021842162030113e-01 1.026912941172857696e+00
2.392250385057605455e-01 5.937965134355889518e-02 1.072869623719849175e+00
1.841050923411754192e-01 1.146554622426991521e-01 1.069788555729598079e+00
2.671830556306070692e-01 8.804007368740388029e-03 1.089494296827436592e+00
2.200341601958881177e-01 1.633537582999981808e-01 1.081606903365044614e+00
2.812674739556000336e-01 1.080165649954759888e-01 1.145296057247483290e+00
2.170886944183669232e-01 1.592912899482953615e-01 1.187898222566367235e+00
1.587769119296550957e-01 1.294930824691548910e-01 1.123537873138021892e+00
3.502254668090341028e-01 1.649031897649471667e-01 1.228452999372023013e+00
2.083018798272952277e-01 1.249033980368201152e-01 1.100476764484957792e+00
2.333164277446930224e-01 1.721678271756931222e-01 1.111205205303053223e+00
2.157340475866741936e-01 6.452136578879795470e-02 1.162130733137147764e+00
2.479017812644791763e-01 9.096446537772467922e-02 1.130308686899466286e+00
2.773385703665741109e-01 1.862737002240769102e-01 1.212227612788832065e+00
2.822406812260687681e-01 1.530410871895251934e-01 1.126668484240105572e+00
3.119493920305390078e-01 1.485622914389893023e-01 1.230230699255431714e+00
3.750555185499614419e-01 1.560193852674321424e-01 1.179200875814689020e+00
2.857687754237335787e-01 1.950862554672582183e-01 1.303185639035838950e+00
2.362709204841890176e-01 1.453328122878790873e-01 1.157153629717589727e+00
2.447322094143241089e-01 2.055153798372627294e-01 1.175697304614626848e+00
2.762636617952380358e-01 1.392104075465661062e-01 1.198614215864324484e+00
2.313231553855287226e-01 1.696373978490016698e-01 1.087807601645902400e+00
3.615407219082169554e-01 2.442475835859606037e-01 1.232528131376926961e+00
3.004062767069921036e-01 2.535626213922945182e-01 1.232042305663258341e+00
3.145638567879404657e-01 1.501422819872319514e-01 1.219081043195271885e+00
3.345803741966891232e-01 2.519317373614188282e-01 1.142041210930665018e+00
2.691690073518526738e-01 1.630408838982549402e-01 1.147610323001567068e+00
3.000203571798044644e-01 2.566511615859539130e-01 1.259978925930042237e+00
3.806670784629399562e-01 1.300593970340353511e-01 1.295149559377867909e+00
3.814613669336579527e-01 1.741444653780443441e-01 1.321890231591111187e+00
3.317349928458921404e-01 2.095513861088570129e-01 1.203205798802504223e+00
4.475347642347543009e-01 2.316757022557020262e-01 1.202284098612060870e+00
2.945906219818326677e-01 3.161807214674494659e-01 1.246109185015772614e+00
3.452506394922509880e-01 2.951999587001763459e-01 1.166838492906308256e+00
3.533349809529460206e-01 3.337733954286191684e-01 1.242134816197812963e+00
2.273537685211544646e-01 3.203303949017783925e-01 1.320165481875765767e+00
4.657700300617280686e-01 2.508568224182579076e-01 1.365339750068470970e+00
3.888510111213462350e-01 2.566836557840639910e-01 1.303640772681733395e+00
3.197020330831517043e-01 3.284485811100632535e-01 1.377824557427763663e+00
4.756448473614788286e-01 2.820185715511420166e-01 1.322495646899953581e+00
4.032831285902432894e-01 2.771503163753340493e-01 1.317717320756945920e+00
3.961512553396875358e-01 2.232398638492404386e-01 1.305816940626123301e+00
3.447631857930806287e-01 2.896769939222229584e-01 1.330019227288599781e+00
3.806280910903069303e-01 1.604501796653077239e-01 1.314257352637805409e+00
2.990052148747998073e-01 2.821941222425656814e-01 1.326327087380491987e+00
4.147842504877176095e-01 2.610054874169099870e-01 1.306696408253016362e+00
3.558294717630332560e-01 3.496287173769677126e-01 1.359207470089600189e+00
3.805505255675370457e-01 2.960663821792169914e-01 1.353490420750889545e+00
4.330297003664956845e-01 3.085474225329459252e-01 1.285349123269194482e+00
3.860294095556119909e-01 3.973552732335249305e-01 1.353901974912400830e+00
3.835709803743465596e-01 2.825466127415691697e-01 1.329811805380274992e+00
3.827233428917137248e-01 3.558329447578327809e-01 1.276893977062961261e+00
3.304855920876029751e-01 2.502366526261766699e-01 1.410257807467066193e+00
4.070053342841976618e-01 3.544864558722326531e-01 1.470809412726119092e+00
4.402394592529313422e-01 3.755132872698422331e-01 1.518225384453245175e+00
3.986942558376332935e-01 4.029935485898457070e-01 1.484776976474648347e+00
4.025037616123819939e-01 3.200658403340677083e-01 1.370087047369596966e+00
3.117265122805140121e-01 3.859828470972297976e-01 1.479415249635402940e+00
3.093676732123180062e-01 3.909077099839344815e-01 1.483729325177806979e+00
2.777203305640145725e-01 3.790384182951182512e-01 1.335480523430269129e+00
4.082312131385173459e-01 3.925008139363901916e-01 1.485131050769572525e+00
3.306182035442384315e-01 4.131767160865834065e-01 1.480677851769576447e+00
4.098893132199422085e-01 4.148940212440925812e-01 1.464770287515339664e+00
2.972399915534018056e-01 3.501994555455801295e-01 1.478430835783840491e+00
3.107745642142101250e-01 3.452069244837759343e-01 1.474345494137204060e+00
3.336192928532619173e-01 5.352990142659335149e-01 1.560517792432751349e+00
3.710099281580869213e-01 5.109896143214044395e-01 1.466383933308405663e+00
3.239636120204900105e-01 3.504153061972982153e-01 1.484091030338935857e+00
3.273783876722498043e-01 4.475108871018922962e-01 1.502135074185309227e+00
3.134601658348025732e-01 4.613718541376554683e-01 1.523290203757503569e+00
3.172287532042321612e-01 4.725668617580243147e-01 1.429150384950438335e+00
2.482138649111663153e-01 4.470197718223674621e-01 1.594582690477448050e+00
3.036927311222513692e-01 3.986564030395688407e-01 1.544431112842157949e+00
2.858761486369110205e-01 4.408789796818450846e-01 1.569581229791239041e+00
2.878811077674764407e-01 4.304437431104591871e-01 1.559062174587389604e+00
3.108237939462889510e-01 4.667186558019876808e-01 1.548013936435805649e+00
2.476340653685185078e-01 4.515814347939712259e-01 1.547782549325152246e+00
2.728889930054860247e-01 4.634162186856490839e-01 1.578628707116976004e+00
2.576872453733940471e-01 5.259276237383941899e-01 1.589774492046671650e+00
2.888650703180344337e-01 5.415279099977362565e-01 1.648355087770907446e+00
3.026960265463337629e-01 4.259448413614089213e-01 1.616387012314233873e+00
2.111658927401096064e-01 4.670034947782709112e-01 1.600974566531696786e+00
2.837437492785692128e-01 4.554600023112417295e-01 1.715615630547120185e+00
3.532891660109417908e-01 5.611861105980054942e-01 1.561028692184323940e+00
1.720439259849301794e-01 5.020316048725751434e-01 1.566777166204825100e+00
1.997542493754503046e-01 5.824494702079118236e-01 1.660381102605641424e+00
1.929636260122370994e-01 4.911209572671640933e-01 1.640972210725469171e+00
2.188451438535442273e-01 5.212999997092829796e-01 1.571878200588758379e+00
3.098371147856306962e-01 4.575651776601380449e-01 1.654091641931109580e+00
2.253532394416414286e-01 5.951267768243090339e-01 1.643344211465960880e+00
1.860473478166758399e-01 5.168693956211372065e-01 1.744686805021248288e+00
2.480832090658221523e-01 4.657421774337273113e-01 1.666401411478487748e+00
1.833374416346889024e-01 5.153769357423364506e-01 1.759409357443363575e+00
2.659655097886124975e-01 4.347546031114931653e-01 1.739364085010509431e+00
2.216669759386131200e-01 5.534091413650603641e-01 1.715637329397755817e+00
2.726016040131100104e-01 5.656243871207098373e-01 1.736674591429407499e+00
1.670134206519149900e-01 5.794039083502574572e-01 1.766795061981694115e+00
3.487090681490798150e-01 6.449054091788517518e-01 1.639791074318585284e+00
2.356570813298089484e-01 5.599511923022330029e-01 1.781462795378468300e+00
2.246029053988205237e-01 6.203727958502636142e-01 1.756156019459958140e+00
1.869531528945054810e-01 6.006119344506499758e-01 1.875097593319405620e+00
1.510721055495796716e-01 5.803339179762998512e-01 1.760815552161892006e+00
1.420115527631813923e-01 4.911598989038222784e-01 1.862773071000261016e+00
1.768655580072286404e-01 6.473750583672839287e-01 1.690253768779711452e+00
1.422893946294506162e-01 5.798013025428840894e-01 1.867176375749214357e+00
1.950065886878141197e-01 6.108977945825414535e-01 1.850786137696163847e+00
1.385265688105384585e-01 5.514769611807259775e-01 1.835257550455713371e+00
2.100900032633438719e-01 6.341497766905501710e-01 1.852283534475683391e+00
2.262990508502706055e-01 6.304015408656172825e-01 1.856112595468882409e+00
1.429173864034623820e-01 6.314708809485384267e-01 1.901197160479163983e+00
2.378259824985968496e-01 6.282603435352138721e-01 1.884335446768484079e+00
1.665489303796542364e-01 6.924609145376284802e-01 1.812757114579108153e+00
2.367428905917041970e-01 6.933110431289171149e-01 1.904045582160983630e+00
2.017032190520776647e-01 6.862958426260411526e-01 2.036361086881294469e+00
2.370172438004861937e-01 8.210539378085182083e-01 1.938353685242915070e+00
1.324506325729115086e-01 6.299887334811343775e-01 1.962035397323435681e+00
1.786626925598556459e-01 6.460241242233060177e-01 1.937176899625619120e+00
2.585794590163877360e-01 6.192598154570663205e-01 1.979465723308086345e+00
1.574212003594107623e-01 6.967993098148205222e-01 1.991444152898080633e+00
8.909182297615435286e-02 6.456256303469911639e-01 1.981371904027174224e+00
9.676915322098292305e-02 5.500819129166977239e-01 2.049582294946870498e+00
7.184502159972153135e-02 6.293330937085647170e-01 1.972355102145783468e+00
9.505257321789117864e-02 6.986125949577942640e-01 2.024192614589916506e+00
1.841010869520297855e-01 7.504893667473778729e-01 2.068252687614605012e+00
2.728632984390032545e-01 6.271529221067484450e-01 2.042052416032904549e+00
1.914135876857520902e-01 6.793778935857827106e-01 2.006717017471237430e+00
2.346263390984475172e-01 7.080324097274540707e-01 2.108439085928381918e+00
2.182142502732130063e-01 6.835731255287649244e-01 2.044139952098566582e+00
2.297459450932599900e-01 7.515581896728112943e-01 2.083712716912331508e+00
2.268556476184208359e-01 7.302000420987687646e-01 2.077609620540586288e+00
2.328473934036766335e-01 7.510632957241917262e-01 2.126528954297945528e+00
2.712501864703693588e-01 7.037392537127317160e-01 2.123754701339349182e+00
1.963738983182149733e-01 8.218268164010550381e-01 2.134764131646029739e+00
3.130063588667362229e-01 7.499812495620822306e-01 2.205923946365702548e+00
3.161739285526689591e-01 8.196774810331655114e-01 2.273499320070832663e+00
2.684391144277234464e-01 7.380501168166860859e-01 2.181100289299049422e+00
3.268260818306852888e-01 7.945019732080416119e-01 2.238829883704906099e+00
2.601983682927977992e-01 7.360308108501383284e-01 2.208762325475392974e+00
2.774573466276920031e-01 7.274545374474616910e-01 2.245431487301625229e+00
3.215270172948975769e-01 7.447824834238271352e-01 2.310939567247511928e+00
3.139389201641329952e-01 7.827066656965118163e-01 2.271251286951352810e+00
3.110881500278296352e-01 7.790633270516146291e-01 2.242261632439762842e+00
3.103144923575870684e-01 8.719603504827531104e-01 2.260963544385617752e+00
3.268083090221518550e-01 7.425647885181527741e-01 2.281162678746941896e+00
4.127192065235565921e-01 7.504830833772592191e-01 2.325994913934625430e+00
2.800008839501071378e-01 8.950094073322762966e-01 2.384341572604554038e+00
4.065233305132722186e-01 8.454391829454054319e-01 2.288403532944903507e+00
3.891300366695448765e-01 7.259294566416970573e-01 2.319503541532251134e+00
4.497137177434719635e-01 8.498634549322988674e-01 2.340288564421197481e+00
4.517616766688093422e-01 8.418666349669798876e-01 2.314316728913539123e+00
2.998756685161707014e-01 7.277777976635774193e-01 2.483479009174423879e+00
4.815339528732669461e-01 8.215218787331284300e-01 2.430885067811795253e+00
4.821145398900524293e-01 8.441272524081910866e-01 2.543390090986191066e+00
4.808880435188436775e-01 8.865701258562533882e-01 2.392908316240950128e+00
4.705448054733981644e-01 9.027247833273843725e-01 2.544735490662958899e+00
5.511100882650445953e-01 8.647873385555068237e-01 2.460973573391802116e+00
5.025402136253105390e-01 9.166725401632118686e-01 2.491846140741280635e+00
6.299452931060612881e-01 8.626863362694323634e-01 2.479054777145423660e+00
5.817121084187514279e-01 8.321251587630114077e-01 2.497428682025617075e+00
6.759272715933678510e-01 8.332909078426026239e-01 2.495284729438572491e+00
5.455547405568925701e-01 9.121322647283157670e-01 2.588970772881023841e+00
5.130765210637507900e-01 7.920915457200495835e-01 2.529258948373659166e+00
6.528923637783978773e-01 9.288903785559905479e-01 2.599827281733856132e+00
6.762996273985227846e-01 8.446713466304058837e-01 2.628539922787830552e+00
6.521679914970985870e-01 8.870387952144630495e-01 2.679548159270305874e+00
5.904122992190692365e-01 9.352690951376460005e-01 2.668590586119977903e+00
6.621178160390828182e-01 9.758970450400673569e-01 2.697127166673129572e+00
7.327731744655017199e-01 8.229659517817552450e-01 2.724408578028315819e+00
7.102190337954488175e-01 8.846910894023272132e-01 2.715590581737014286e+00
7.313669532568581877e-01 9.324530846186550592e-01 2.752524395928713119e+00
7.463076843764784307e-01 9.051956832706169465e-01 2.703414365427751154e+00
7.264669014132711933e-01 9.830811550670601751e-01 2.731810478264803610e+00
7.647526076222326274e-01 8.406804717271737504e-01 2.883784165356968021e+00
7.384671306614890574e-01 9.680900820285522901e-01 2.806788289281171966e+00
9.167256656037827689e-01 9.762960088251408930e-01 2.790458841266652446e+00
8.232243900936442316e-01 9.624540198570814553e-01 2.913729995053547128e+00
8.896625366719154160e-01 1.020111836629267188e+00 2.855789994474262183e+00
8.335913083922170674e-01 9.085212873226785613e-01 2.850348448660800393e+00
9.434210724679852333e-01 1.030430837899483754e+00 2.829409797573898100e+00
8.291419810489434328e-01 9.448539798544915991e-01 2.960166593302610671e+00
9.880232619071939171e-01 1.021277525903936834e+00 2.886356579639455688e+00
9.594944478972704527e-01 9.737897890257394273e-01 2.933347370998998116e+00
1.086132024956597553e+00 1.035717156457446331e+00 3.012279874397147506e+00
9.346732963577989439e-01 1.039023496487918807e+00 3.009181678712906205e+00
