2.264089693460646657e+01
2.287547952746750823e+01
2.323533810869889749e+01
2.379607308656623843e+01
2.416707645794557280e+01
2.424751860733255882e+01
2.503180961549605144e+01
2.606425564172164044e+01
2.618421686957327310e+01
2.657827386175284801e+01
2.726971173554545658e+01
2.738737900841060835e+01
2.765429575620640534e+01
2.763964626690522053e+01
2.714515636652511432e+01
2.711386442145205677e+01
2.714250467220360363e+01
2.720287347125414357e+01
2.754890989776949084e+01
2.769731397234113857e+01
2.782631277561027261e+01
2.835608574232560386e+01
2.796638188526715751e+01
2.765025673426612585e+01
2.736003048123885151e+01
2.783178555844456881e+01
2.821387764236294160e+01
2.779909620190461794e+01
2.760197250796239388e+01
2.783521039997057400e+01
2.746399533399288018e+01
2.713486942634500565e+01
2.705082022888070625e+01
2.643571181544401583e+01
2.623569549600981787e+01
2.575024403658147776e+01
2.583937340375290503e+01
2.632542484373571057e+01
2.666456418001293827e+01
2.702185478358530801e+01
2.752096044579281298e+01
2.745136597924100030e+01
2.713568986072587208e+01
2.674770685281563232e+01
2.612005652252522836e+01
2.551927626912380731e+01
2.516139092569078528e+01
2.471489286252458939e+01
2.413476966788034872e+01
2.426978768726088376e+01
2.492642968802065084e+01
2.510214356169696615e+01
2.515354321257296633e+01
2.512774696362406956e+01
2.497272655025350119e+01
2.509947405649894492e+01
2.545198646369376050e+01
2.514562014171644577e+01
2.517760059601415179e+01
2.492299540095743637e+01
2.452362864161066014e+01
2.490203079717815271e+01
2.544447471962481444e+01
2.542707448302316919e+01
2.522776743735182237e+01
2.564073692652512193e+01
2.615999197361638906e+01
2.637923442215366876e+01
2.601279983469519053e+01
2.573452535872590730e+01
2.508911500648476434e+01
2.454331516894226439e+01
2.491960391120821328e+01
2.518955535656642652e+01
2.520452058535936857e+01
2.532341850857284626e+01
2.542907720229361601e+01
2.530408346024781352e+01
2.408578553298315228e+01
2.361579452664071965e+01
2.291135246902976164e+01
2.200987720496759081e+01
2.089150913287414468e+01
2.032254859593160745e+01
2.042597290400261656e+01
1.977018262628606848e+01
1.921395831096219098e+01
1.893021901837214571e+01
1.858761442651533002e+01
1.837455603442533558e+01
1.768441103825410465e+01
1.705666909826653921e+01
1.671880410860964972e+01
1.657653000403601240e+01
1.675811273611391172e+01
1.702231272943057405e+01
1.653951934292524939e+01
1.583994513773612489e+01
1.553326515002206598e+01
1.482287215596539376e+01
1.442237591677565156e+01
1.390569421071941747e+01
1.346628393026927029e+01
1.339116582258855637e+01
1.377645134579225861e+01
1.353720261878949493e+01
1.305288286398005937e+01
1.309883666521337808e+01
1.292960696326370496e+01
1.290180440851526100e+01
1.307826563464537273e+01
1.302364833502559094e+01
1.250217535129043966e+01
1.237065545428423796e+01
1.231366243706693275e+01
1.216801451758028207e+01
1.191106057752802982e+01
1.142742813679562097e+01
1.143033878102134082e+01
1.124850692389731499e+01
1.104511309312533385e+01
1.100367254395244743e+01
1.077820618154803611e+01
1.020571642593679584e+01
1.036481640004252647e+01
1.022313389824144458e+01
1.000698454228814960e+01
9.721646749835919366e+00
9.769803181691282035e+00
9.818558870746866063e+00
9.982869173815636543e+00
9.784018024238577027e+00
9.502398876712799591e+00
9.355963040254158258e+00
9.459634142562910242e+00
9.497986647598320786e+00
9.235637359090700826e+00
9.000105501814152476e+00
9.311534721123598146e+00
9.424276724395022953e+00
9.433437727938542849e+00
9.271159030055244443e+00
9.390287143762462208e+00
9.388039964191170483e+00
9.132690696736437630e+00
9.023332014834288373e+00
8.782638938001896989e+00
8.842900017977267879e+00
8.780701576243348683e+00
9.014525883964415343e+00
9.249225646193504957e+00
9.268824907183612183e+00
9.014000414166673636e+00
9.146252806286037540e+00
9.027016832433034210e+00
9.153539782934485558e+00
9.245555501689242561e+00
8.902528383905844223e+00
8.044840441752713289e+00
7.666411568266680021e+00
7.086649326159235152e+00
6.609910249939189519e+00
6.316442443051909272e+00
5.741592600439216376e+00
5.317154740179977246e+00
5.300375284712004031e+00
5.037334259060974873e+00
5.071259647907117696e+00
4.662550331885178423e+00
4.260127118469065444e+00
4.044623674640210886e+00
3.958060890445508573e+00
3.630620715278868538e+00
3.431628810352541858e+00
3.384099882199827380e+00
3.242581709729484896e+00
3.149106333609801300e+00
3.073127043278654824e+00
3.123344967326725286e+00
3.029225049082313159e+00
2.930829851494859639e+00
2.855948219866236482e+00
2.779568203353196321e+00
2.817338108868344015e+00
2.775170023689809362e+00
2.747583354315040971e+00
2.695550745669742732e+00
2.578571267204397888e+00
2.414745705326117431e+00
2.425061206443798856e+00
2.155008675764995996e+00
2.439857886440245149e+00
2.986360340191451801e+00
3.489091684817313244e+00
3.217471522946188323e+00
2.881124348895895526e+00
2.821952309547450355e+00
2.725869919512983852e+00
2.644546219156512556e+00
2.635912751961547507e+00
2.805239804552086103e+00
3.160820481347069943e+00
2.924625278385030835e+00
2.709551126825467282e+00
3.072776718412883579e+00
2.913306658059828358e+00
2.953750149514136947e+00
3.161064278104139369e+00
3.230409016128925614e+00
3.231433577855633121e+00
3.389590430081570016e+00
3.262816381950149225e+00
3.121615137414611496e+00
3.015860545911277502e+00
2.663774284252566460e+00
2.638763507079212811e+00
3.000569973961121129e+00
3.334227849621728801e+00
3.590913347361911701e+00
3.796261383623725560e+00
4.184128657224747805e+00
3.858711818929210668e+00
3.686578857675635756e+00
4.046443084772668897e+00
3.895790707466793013e+00
3.877118749960598798e+00
4.018104250528953258e+00
3.710784522063968804e+00
3.609660782482463137e+00
3.421404401446804133e+00
3.528027322885016748e+00
3.705563060859998537e+00
4.064194926295444432e+00
4.073917057207550485e+00
4.160149363856743499e+00
4.098513764532068393e+00
4.109174522064701129e+00
4.239384096190183193e+00
4.250898930671608511e+00
4.016068568768028868e+00
3.728498962800598004e+00
3.366139020171964980e+00
3.744382914705035592e+00
3.857825423043240942e+00
3.963589216312311869e+00
3.597490501270069529e+00
3.119545787090523881e+00
2.874259273508649404e+00
2.964457044754274406e+00
2.670074856917749262e+00
2.874621682144347101e+00
3.005813907492525416e+00
3.011119338700328107e+00
2.825277472812179891e+00
2.949782536484486517e+00
3.448475134758381078e+00
3.406735517925255863e+00
3.700319607056076432e+00
3.763554945363301929e+00
3.912934190459704364e+00
4.122679615889154547e+00
3.991780126622495040e+00
4.091499041092485633e+00
4.087103506514396578e+00
4.440689026647272719e+00
4.806842154438650816e+00
4.357029643251820517e+00
4.277112154932603438e+00
4.371461328043214856e+00
4.206720842006790306e+00
3.998951839637401751e+00
3.886932140520094059e+00
4.279896929604601219e+00
4.152630280553611719e+00
4.394960238212615167e+00
4.457181910571176076e+00
4.574279413184086707e+00
4.591473111521538364e+00
4.567552635840702813e+00
4.353633132701578923e+00
4.375409176742730111e+00
4.181412051589146195e+00
3.769384350119402427e+00
3.745260221566539371e+00
3.674227956627751812e+00
3.318233616268083885e+00
3.440801272074320849e+00
3.729936337122896184e+00
4.003031435695953100e+00
3.481143695352515888e+00
3.447387423198579270e+00
3.739832348477484025e+00
4.382517502438545876e+00
4.182423986070189947e+00
4.194443612365710727e+00
3.972022741725338424e+00
3.384558529199031440e+00
3.114350588159825683e+00
3.476895326628973493e+00
3.711616441067793204e+00
3.661916787220017344e+00
3.505212281344276981e+00
3.472027415462052513e+00
3.040950219168017998e+00
3.013936538219962102e+00
3.004249172618160379e+00
3.170186918845664170e+00
3.302301792522141177e+00
3.794276824891396949e+00
3.784871753964042185e+00
3.574839338885582585e+00
3.492241677154090063e+00
3.569101683158452332e+00
3.628131940127905075e+00
3.227679890989401557e+00
2.911451926374728494e+00
3.211262970714275689e+00
4.485083631719029462e+00
7.226735208029007929e+00
9.914029662548891508e+00
1.224731192683862169e+01
1.462561752051322195e+01
1.623089545834606540e+01
1.793259301766185132e+01
1.894391944576236853e+01
2.057966007748252224e+01
2.159622612648566786e+01
2.251800535361525846e+01
2.359324317148733385e+01
2.439022579581540029e+01
2.436028685646494196e+01
2.578909812468059570e+01
2.660244171644263744e+01
2.736000339007553706e+01
2.716406236423102882e+01
2.728733678760077552e+01
2.836210603650258122e+01
2.871942627649161395e+01
2.859184868375662703e+01
2.865089778863144687e+01
2.862085168982879324e+01
2.878840857697352718e+01
2.878056189702621026e+01
2.900501508175838339e+01
2.954685594914088753e+01
3.001377201579559539e+01
2.914359076249933622e+01
2.907638002007858802e+01
2.848380860129694980e+01
2.847516007723267606e+01
2.817275608405567411e+01
2.800243882122281391e+01
2.806954131748435799e+01
2.805805576475553664e+01
2.847316063881562798e+01
2.757100669773573642e+01
2.798543142987725929e+01
2.867756383553353317e+01
2.830313911507792213e+01
2.863442182690555882e+01
2.860002155132253421e+01
2.887173657459193166e+01
2.864081072796100003e+01
2.847629509458835884e+01
2.888071231496727265e+01
2.909257866313346241e+01
2.947671930964535747e+01
2.992863594895269941e+01
2.928627345656266456e+01
2.905202718986970467e+01
2.841924930150978668e+01
2.761319912376639607e+01
2.753163836675776466e+01
2.724563828493138828e+01
2.747774053400699756e+01
2.768937889860976043e+01
2.716013786601434177e+01
2.743221703142610934e+01
2.739673582130364338e+01
2.751984351301887344e+01
2.696858057608314141e+01
2.675202853977971529e+01
2.635597591075149282e+01
2.626322629209731474e+01
2.651918210494444139e+01
2.742310950693279636e+01
2.773345785516021778e+01
2.766147395961167987e+01
2.768226370428861927e+01
2.746148183360594075e+01
2.757151569434445904e+01
2.787083560672643756e+01
2.717891618555651689e+01
2.739445486875801095e+01
2.721276575455243218e+01
2.706750999238572675e+01
2.658419264521916858e+01
2.596103526140691642e+01
2.383502835874408987e+01
2.190428455181412914e+01
2.020208640480303330e+01
1.854914225007334494e+01
1.721393922344891436e+01
1.631986619275456718e+01
1.562719435670593171e+01
1.460339465711543205e+01
1.376205075476443440e+01
1.266022650382196169e+01
1.193542612168227102e+01
1.153294231012682935e+01
1.125618858981351167e+01
1.094593272068310874e+01
1.090901777853929033e+01
1.038110826596642333e+01
9.478686605365735929e+00
9.079434971524172227e+00
9.047575430331503910e+00
8.743339391649243453e+00
8.836965459385330846e+00
8.523559667489896796e+00
8.206020518727910940e+00
8.119234049835426958e+00
8.247709636378395714e+00
8.438656928510035016e+00
8.447402399589996946e+00
8.371982045922665705e+00
8.473188833536781317e+00
8.560730685840011844e+00
8.329769859100743190e+00
8.380107726156458270e+00
8.060125161659833282e+00
7.781494872145819031e+00
7.973807737211700442e+00
8.359505301377497588e+00
8.231810787266651275e+00
7.932700417326268294e+00
7.829945417826460030e+00
7.746889172625381015e+00
7.604358322464976894e+00
7.437106207533474844e+00
7.681218922501946267e+00
8.274259828230528413e+00
7.825034635971316987e+00
7.722836299128791993e+00
7.803760669634631775e+00
7.790610890547776890e+00
7.452014585594847418e+00
7.404570524897989614e+00
7.524079004010532756e+00
7.392489930921186669e+00
6.938089114783057454e+00
6.893917305420066199e+00
7.054735130427513212e+00
6.797236097996751880e+00
6.487172476083388872e+00
6.792478676726941167e+00
6.836692484697286076e+00
7.084817036027776460e+00
7.506634976598033582e+00
7.444491404189087724e+00
7.305787529286041249e+00
7.232977798127711466e+00
6.961530554678159177e+00
7.104426232779538886e+00
6.932143819571538579e+00
6.554326414984851468e+00
6.391402356928164608e+00
6.625289817233572798e+00
6.334476326805453361e+00
6.524916099271497849e+00
6.745554679613831262e+00
6.969939982796805822e+00
6.939634680359507257e+00
6.685672406699538328e+00
6.370356741035227977e+00
6.518359435190022033e+00
6.816705889138671814e+00
6.951168957236246726e+00
7.143172016142748326e+00
7.223895751019586697e+00
7.220883564969455826e+00
7.099472483081169294e+00
6.875292905690375100e+00
7.021789681501991787e+00
7.252184317034823025e+00
7.255186943126894938e+00
7.186633826274415604e+00
7.149195636756971339e+00
7.164834947240371399e+00
7.420999818251861946e+00
7.532724803445806749e+00
7.857351342602227895e+00
8.129069649578138268e+00
7.998581947481750554e+00
7.659021988170841233e+00
7.648618009956583030e+00
7.457070145182401966e+00
7.335883941409851339e+00
7.245787987290848164e+00
7.288331496318276592e+00
7.122144900216240693e+00
7.385750447031530719e+00
7.461555636596283847e+00
7.658580654394372189e+00
7.501267062312654055e+00
7.167601139462521864e+00
7.228476595316895015e+00
7.423329772431516815e+00
7.456200501451667684e+00
7.432037291389349321e+00
7.303552808677436836e+00
7.320695545187198228e+00
7.507392036619281228e+00
7.585829342913288365e+00
7.629170321562724233e+00
7.560339438256002076e+00
7.266937079516943676e+00
7.016615603857604633e+00
7.158333689861146709e+00
7.149341086025671643e+00
7.218049012983296819e+00
7.383988109793130583e+00
7.204679510002256926e+00
7.365478563769361386e+00
7.539520284218641955e+00
7.858809336719077443e+00
7.727618095840969481e+00
7.508470840741112262e+00
7.403303086586910275e+00
7.287166006218438241e+00
7.160967517485396172e+00
7.249232895577279123e+00
7.462801643598880652e+00
7.187884202468241668e+00
7.163219983901476517e+00
7.151305145626420057e+00
7.144122119263298210e+00
7.002489021473388142e+00
7.083201595368413095e+00
7.234847564751359705e+00
6.965573691824660685e+00
7.154411377631332059e+00
7.113820778104629206e+00
7.022492006434357670e+00
6.844803281966234998e+00
6.659809248003066173e+00
6.924273303999132878e+00
6.935162721984242218e+00
7.028629987009582969e+00
6.774994381641026742e+00
6.766466328770783356e+00
6.636365036922382998e+00
6.630207338341100431e+00
6.396426351477076722e+00
6.309060795830548685e+00
6.213181443604879561e+00
6.381565004242415462e+00
6.941942949369859228e+00
7.706474860637134938e+00
8.248959802317779477e+00
9.341491666958869899e+00
1.027632732251400682e+01
1.106020621029621331e+01
1.167874777801549158e+01
1.204896949611927148e+01
1.239081878944056037e+01
1.277029386547488876e+01
1.311416987044966476e+01
1.345482529071593447e+01
1.369718441677245657e+01
1.365741924932113172e+01
1.447027901125902005e+01
1.524678055055440495e+01
1.593260351998303825e+01
1.594701855610492025e+01
1.568442462938514481e+01
1.547615136255582691e+01
1.556601616252558351e+01
1.590457491915423383e+01
1.590633003505641341e+01
1.566847553107752411e+01
1.627636765699049803e+01
1.600685800288509597e+01
1.653190210764887524e+01
1.662601203956954876e+01
1.653483395746438944e+01
1.674058309587923077e+01
1.682919289762275739e+01
1.728989425120474621e+01
1.761086571669750711e+01
1.760319647279029454e+01
1.763995294457063778e+01
1.773389229064194339e+01
1.749499441465285088e+01
1.706966919889537593e+01
1.735993244313486272e+01
1.701591620087343415e+01
1.622009792513061655e+01
1.625526800349518552e+01
1.638765366262347456e+01
